00aaaa000e00401000008010000a0020
00ffa000c20000100000002000009022
00aaaa011e00501000008030000a0020
00ffaa00430000100000002100000016
00000000000000000000800000000000
00000000000000000000800000000000
00000000000000000000800000000000
00000000000000000000800000000000
00000000000000000000800000000000
00000000000000000000800000000000
00000000000000000000800000000000
00000000000000000000800000000000
00000000000000000000800000000000
00000000000000000000800000000000
00000000000000000000800000000000
00000000000000000000800000000000
00000000000000000000800000000000
00000000000000000000800000000000
00000000000000000000800000000000
00000000000000000000800000000000
00000000000000000000800000000000
00000000000000000000800000000000
00000000000000000000800000000000
00000000000000000000800000000000
00000000000000000000800000000000
00000000000000000000800000000000
00000000000000000000800000000000
00000000000000000000800000000000
00000000000000000000800000000000
00000000000000000000800000000000
00000000000000000000800000000000
00000000000000000000800000000000
