0e005600048000000000001000000018
0e00aa00020000000000803000000015
0e005600028000000000800000000018
0e00a900200000000000000000000003
0e00ff00100000000000000000000000
0e000000000000000000000000000000
0e000000000000000000000000000000
0e000000000000000000000000000000
0e000000000000000000000000000000
0e000000000000000000000000000000
0e000000000000000000000000000000
0e000000000000000000000000000000
0e000000000000000000000000000000
0e000000000000000000000000000000
0e000000000000000000000000000000
0e000000000000000000000000000000
0e000000000000000000000000000000
0e000000000000000000000000000000
0e000000000000000000000000000000
0e000000000000000000000000000000
0e000000000000000000000000000000
0e000000000000000000000000000000
0e000000000000000000000000000000
0e000000000000000000000000000000
0e000000000000000000000000000000
0e000000000000000000000000000000
0e000000000000000000000000000000
0e000000000000000000000000000000
0e000000000000000000000000000000
0e000000000000000000000000000000
0e000000000000000000000000000000
0e000000000000000000000000000000
